
|2|
x=|15| y=|17|
000 .................
[99][99][99][99][99][99][99][99][99][99][99][99][99][99][99][99][99]
001 .................
[99][99][99][99][99][99][99][99][99][99][99][99][99][99][99][99][99]
002 .................
[99][99][99][99][99][99][99][99][99][99][99][99][99][99][99][99][99]
003 .................
[99][99][99][99][99][99][99][99][99][99][99][99][99][99][99][99][99]
004 .................
[99][99][99][99][99][99][99][99][99][99][99][99][99][99][99][99][99]
005 .................
[99][99][99][99][99][99][99][99][99][99][99][99][99][99][99][99][99]
006 .................
[99][99][99][99][99][99][99][99][99][99][99][99][99][99][99][99][99]
007 ..OO.............
[99][99][0][0][99][99][99][99][99][99][99][99][99][99][99][99][99]
008 ..O..............
[99][99][0][99][99][99][99][99][99][99][99][99][99][99][99][99][99]
009 .................
[99][99][99][99][99][99][99][99][99][99][99][99][99][99][99][99][99]
010 .................
[99][99][99][99][99][99][99][99][99][99][99][99][99][99][99][99][99]
011 .................
[99][99][99][99][99][99][99][99][99][99][99][99][99][99][99][99][99]
012 ..............X..
[99][99][99][99][99][99][99][99][99][99][99][99][99][99][-1][99][99]
013 .................
[99][99][99][99][99][99][99][99][99][99][99][99][99][99][99][99][99]
014 .................
[99][99][99][99][99][99][99][99][99][99][99][99][99][99][99][99][99]
lol
| 7| 7| 7| 7| 7| 7| 7| 7| 7| 7| 7| 8| 9|10|11|12|13
| 6| 6| 6| 6| 6| 6| 6| 6| 6| 6| 7| 8| 9|10|11|12|13
| 5| 5| 5| 5| 5| 5| 5| 5| 5| 6| 7| 8| 9|10|11|12|13
| 4| 4| 4| 4| 4| 4| 4| 4| 5| 6| 7| 8| 9|10|11|12|13
| 3| 3| 3| 3| 3| 3| 3| 4| 5| 6| 7| 8| 9|10|11|12|13
| 2| 2| 2| 2| 2| 2| 3| 4| 5| 6| 7| 8| 9|10|11|12|13
| 2| 1| 1| 1| 1| 2| 3| 4| 5| 6| 7| 8| 9|10|11|12|13
| 2| 1| 0| 0| 1| 2| 3| 4| 5| 6| 7| 8| 9|10|11|12|13
| 2| 1| 0| 1| 1| 2| 3| 4| 5| 6| 7| 8| 9|10|11|12|13
| 2| 1| 1| 1| 2| 2| 3| 4| 5| 6| 7| 8| 9|10|11|12|13
| 2| 2| 2| 2| 2| 3| 3| 4| 5| 6| 7| 8| 9|10|11|12|13
| 3| 3| 3| 3| 3| 3| 4| 4| 5| 6| 7| 8| 9|10|11|12|13
| 4| 4| 4| 4| 4| 4| 4| 5| 5| 6| 7| 8| 9|10|-1|12|13
| 5| 5| 5| 5| 5| 5| 5| 5| 6| 6| 7| 8| 9|10|11|12|13
| 6| 6| 6| 6| 6| 6| 6| 6| 6| 7| 7| 8| 9|10|11|12|13

w<2>:z<3>
...
.**
contr:[2]

|1 * 1||1 * 2|
12 * 14 | 2 | alpha:11 beta:13 score =12

| 7| 7| 7| 7| 7| 7| 7| 7| 7| 7| 7| 8| 9|10|11|12|13
| 6| 6| 6| 6| 6| 6| 6| 6| 6| 6| 7| 8| 9|10|11|12|13
| 5| 5| 5| 5| 5| 5| 5| 5| 5| 6| 7| 8| 9|10|11|12|13
| 4| 4| 4| 4| 4| 4| 4| 4| 5| 6| 7| 8| 9|10|11|12|13
| 3| 3| 3| 3| 3| 3| 3| 4| 5| 6| 7| 8| 9|10|11|12|13
| 2| 2| 2| 2| 2| 2| 3| 4| 5| 6| 7| 8| 9|10|11|12|13
| 2| 1| 1| 1| 1| 2| 3| 4| 5| 6| 7| 8| 9|10|11|12|13
| 2| 1| 0| 0| 1| 2| 3| 4| 5| 6| 7| 8| 9|10|11|12|13
| 2| 1| 0| 1| 1| 2| 3| 4| 5| 6| 7| 8| 9|10|11|12|13
| 2| 1| 1| 1| 2| 2| 3| 4| 5| 6| 7| 8| 9|10|11|12|13
| 2| 2| 2| 2| 2| 3| 3| 4| 5| 6| 7| 8| 9|10|11|12|13
| 3| 3| 3| 3| 3| 3| 4| 4| 5| 6| 7| 8| 9|10|11|12|13
| 4| 4| 4| 4| 4| 4| 4| 5| 5| 6| 7| 8| 9|10|-1|-2|13
| 5| 5| 5| 5| 5| 5| 5| 5| 6| 6| 7| 8| 9|10|11|12|13
| 6| 6| 6| 6| 6| 6| 6| 6| 6| 7| 7| 8| 9|10|11|12|13
