
000 .................
[99][99][99][99][99][99][99][99][99][99][99][99][99][99][99][99][99]

001 .................
[99][99][99][99][99][99][99][99][99][99][99][99][99][99][99][99][99]

002 .................
[99][99][99][99][99][99][99][99][99][99][99][99][99][99][99][99][99]

003 .................
[99][99][99][99][99][99][99][99][99][99][99][99][99][99][99][99][99]

004 .................
[99][99][99][99][99][99][99][99][99][99][99][99][99][99][99][99][99]

005 .................
[99][99][99][99][99][99][99][99][99][99][99][99][99][99][99][99][99]

006 .................
[99][99][99][99][99][99][99][99][99][99][99][99][99][99][99][99][99]

007 ..O..............
[99][99][0][99][99][99][99][99][99][99][99][99][99][99][99][99][99]

008 ..O..............
[99][99][0][99][99][99][99][99][99][99][99][99][99][99][99][99][99]

009 .................
[99][99][99][99][99][99][99][99][99][99][99][99][99][99][99][99][99]

010 .................
[99][99][99][99][99][99][99][99][99][99][99][99][99][99][99][99][99]

011 .................
[99][99][99][99][99][99][99][99][99][99][99][99][99][99][99][99][99]

012 ..............X..
[99][99][99][99][99][99][99][99][99][99][99][99][99][99][-1][99][99]

013 .................
[99][99][99][99][99][99][99][99][99][99][99][99][99][99][99][99][99]

014 .................
[99][99][99][99][99][99][99][99][99][99][99][99][99][99][99][99][99]
